CTCQS3CKSKHole pair | Strategy
C2C3 | [0.  0.5 0.1 0.4]
C2C4 | [0.  0.5 0.1 0.4]
C2C5 | [0.  0.5 0.1 0.4]
C2C6 | [0.  0.5 0.1 0.4]
C2C7 | [0.  0.5 0.1 0.4]
C2C8 | [0.         0.45340476 0.2        0.34659524]
C2C9 | [0.         0.45703648 0.2        0.34296352]
C2CT | [0.25 0.25 0.25 0.25]
C2CJ | [0.         0.45984314 0.2        0.34015686]
C2CQ | [0.25 0.25 0.25 0.25]
C2CK | [0.25 0.25 0.25 0.25]
C2CA | [0.         0.43916175 0.22379285 0.3370454 ]
C2D2 | [0.12423021 0.34176707 0.33652479 0.19747794]
C2D3 | [0.12380087 0.29837391 0.3338336  0.24399162]
C2D4 | [0.02118726 0.         0.         0.97881274]
C2D5 | [0.01120063 0.         0.         0.98879937]
C2D6 | [0.07028986 0.03333333 0.03333333 0.86304348]
C2D7 | [0.14080561 0.06615363 0.06692319 0.72611758]
C2D8 | [0.20170243 0.09514669 0.11285866 0.59029222]
C2D9 | [0.30135355 0.25005402 0.12930451 0.31928792]
C2DT | [0.02823872 0.29132036 0.03093415 0.64950677]
C2DJ | [0.18594017 0.40801776 0.19565021 0.21039187]
C2DQ | [0.07187842 0.28093896 0.13044902 0.51673359]
C2DK | [0.  0.3 0.1 0.6]
C2DA | [0.17495196 0.25074944 0.33645304 0.23784556]
C2H2 | [0.12423021 0.34176707 0.33652479 0.19747794]
C2H3 | [0.12380087 0.29837391 0.3338336  0.24399162]
C2H4 | [0.02118726 0.         0.         0.97881274]
C2H5 | [0.01120063 0.         0.         0.98879937]
C2H6 | [0.07028986 0.03333333 0.03333333 0.86304348]
C2H7 | [0.14080561 0.06615363 0.06692319 0.72611758]
C2H8 | [0.20170243 0.09514669 0.11285866 0.59029222]
C2H9 | [0.30135355 0.25005402 0.12930451 0.31928792]
C2HT | [0.02823872 0.29132036 0.03093415 0.64950677]
C2HJ | [0.18594017 0.40801776 0.19565021 0.21039187]
C2HQ | [0.07187842 0.28093896 0.13044902 0.51673359]
C2HK | [0.  0.3 0.1 0.6]
C2HA | [0.17495196 0.25074944 0.33645304 0.23784556]
C2S2 | [0.12423021 0.34176707 0.33652479 0.19747794]
C2S3 | [0.25 0.25 0.25 0.25]
C2S4 | [0.02118726 0.         0.         0.97881274]
C2S5 | [0.01120063 0.         0.         0.98879937]
C2S6 | [0.07028986 0.03333333 0.03333333 0.86304348]
C2S7 | [0.14080561 0.06615363 0.06692319 0.72611758]
C2S8 | [0.20170243 0.09514669 0.11285866 0.59029222]
C2S9 | [0.30135355 0.25005402 0.12930451 0.31928792]
C2ST | [0.02823872 0.29132036 0.03093415 0.64950677]
C2SJ | [0.18594017 0.40801776 0.19565021 0.21039187]
C2SQ | [0.07187842 0.28093896 0.13044902 0.51673359]
C2SK | [0.25 0.25 0.25 0.25]
C2SA | [0.17495196 0.25074944 0.33645304 0.23784556]
C3C4 | [0.  0.5 0.1 0.4]
C3C5 | [0.  0.5 0.1 0.4]
C3C6 | [0.  0.5 0.1 0.4]
C3C7 | [0.  0.5 0.1 0.4]
C3C8 | [0.         0.45283928 0.2        0.34716072]
C3C9 | [0.         0.55618427 0.2        0.24381573]
C3CT | [0.25 0.25 0.25 0.25]
C3CJ | [0.         0.54858078 0.21041095 0.24100827]
C3CQ | [0.25 0.25 0.25 0.25]
C3CK | [0.25 0.25 0.25 0.25]
C3CA | [0.         0.55630129 0.2055453  0.23815342]
C3D2 | [0.25666954 0.22451485 0.29547731 0.22333831]
C3D3 | [0.         0.7        0.05645071 0.24354929]
C3D4 | [0.25538163 0.22669316 0.29460014 0.22332508]
C3D5 | [0.25542025 0.22665303 0.29460168 0.22332504]
C3D6 | [0.25550183 0.22678097 0.2947909  0.2229263 ]
C3D7 | [0.25612292 0.22743568 0.29424101 0.22220039]
C3D8 | [0.255865   0.2278399  0.29296251 0.22333259]
C3D9 | [0.12291014 0.29862001 0.33616508 0.24230476]
C3DT | [0.03579727 0.28104128 0.22747726 0.45568419]
C3DJ | [0.11681959 0.31789662 0.33034003 0.23494376]
C3DQ | [0.04506524 0.21995781 0.06146912 0.67350783]
C3DK | [0.         0.55440774 0.21075694 0.23483532]
C3DA | [0.08351516 0.36643091 0.32352951 0.22652442]
C3H2 | [0.25666954 0.22451485 0.29547731 0.22333831]
C3H3 | [0.         0.7        0.05645071 0.24354929]
C3H4 | [0.25538163 0.22669316 0.29460014 0.22332508]
C3H5 | [0.25542025 0.22665303 0.29460168 0.22332504]
C3H6 | [0.25550183 0.22678097 0.2947909  0.2229263 ]
C3H7 | [0.25612292 0.22743568 0.29424101 0.22220039]
C3H8 | [0.255865   0.2278399  0.29296251 0.22333259]
C3H9 | [0.12291014 0.29862001 0.33616508 0.24230476]
C3HT | [0.03579727 0.28104128 0.22747726 0.45568419]
C3HJ | [0.11681959 0.31789662 0.33034003 0.23494376]
C3HQ | [0.04506524 0.21995781 0.06146912 0.67350783]
C3HK | [0.         0.55440774 0.21075694 0.23483532]
C3HA | [0.08351516 0.36643091 0.32352951 0.22652442]
C3S2 | [0.25666954 0.22451485 0.29547731 0.22333831]
C3S3 | [0.25 0.25 0.25 0.25]
C3S4 | [0.25538163 0.22669316 0.29460014 0.22332508]
C3S5 | [0.25542025 0.22665303 0.29460168 0.22332504]
C3S6 | [0.25550183 0.22678097 0.2947909  0.2229263 ]
C3S7 | [0.25612292 0.22743568 0.29424101 0.22220039]
C3S8 | [0.255865   0.2278399  0.29296251 0.22333259]
C3S9 | [0.12291014 0.29862001 0.33616508 0.24230476]
C3ST | [0.03579727 0.28104128 0.22747726 0.45568419]
C3SJ | [0.11681959 0.31789662 0.33034003 0.23494376]
C3SQ | [0.04506524 0.21995781 0.06146912 0.67350783]
C3SK | [0.25 0.25 0.25 0.25]
C3SA | [0.08351516 0.36643091 0.32352951 0.22652442]
C4C5 | [0.  0.5 0.1 0.4]
C4C6 | [0.  0.5 0.1 0.4]
C4C7 | [0.  0.5 0.1 0.4]
C4C8 | [0.         0.45242337 0.2        0.34757663]
C4C9 | [0.         0.45580222 0.2        0.34419778]
C4CT | [0.25 0.25 0.25 0.25]
C4CJ | [0.        0.4587463 0.2       0.3412537]
C4CQ | [0.25 0.25 0.25 0.25]
C4CK | [0.25 0.25 0.25 0.25]
C4CA | [0.         0.44097619 0.22068558 0.33833823]
C4D2 | [0.02118726 0.         0.         0.97881274]
C4D3 | [0.12177947 0.3000252  0.33337277 0.24482256]
C4D4 | [0.08803271 0.33456056 0.32336904 0.25403769]
C4D5 | [0.01120063 0.         0.         0.98879937]
C4D6 | [0.07028986 0.03333333 0.03333333 0.86304348]
C4D7 | [0.14080453 0.06615609 0.06692196 0.72611743]
C4D8 | [0.20173929 0.09630091 0.11246927 0.58949052]
C4D9 | [0.30196385 0.25114488 0.12946342 0.31742785]
C4DT | [0.02824854 0.29140031 0.03087618 0.64947497]
C4DJ | [0.18665092 0.40740601 0.19555091 0.21039216]
C4DQ | [0.07025102 0.27870825 0.1284548  0.52258593]
C4DK | [0.  0.3 0.1 0.6]
C4DA | [0.17670163 0.24897476 0.33647579 0.23784782]
C4H2 | [0.02118726 0.         0.         0.97881274]
C4H3 | [0.12177947 0.3000252  0.33337277 0.24482256]
C4H4 | [0.08803271 0.33456056 0.32336904 0.25403769]
C4H5 | [0.01120063 0.         0.         0.98879937]
C4H6 | [0.07028986 0.03333333 0.03333333 0.86304348]
C4H7 | [0.14080453 0.06615609 0.06692196 0.72611743]
C4H8 | [0.20173929 0.09630091 0.11246927 0.58949052]
C4H9 | [0.30196385 0.25114488 0.12946342 0.31742785]
C4HT | [0.02824854 0.29140031 0.03087618 0.64947497]
C4HJ | [0.18665092 0.40740601 0.19555091 0.21039216]
C4HQ | [0.07025102 0.27870825 0.1284548  0.52258593]
C4HK | [0.  0.3 0.1 0.6]
C4HA | [0.17670163 0.24897476 0.33647579 0.23784782]
C4S2 | [0.02118726 0.         0.         0.97881274]
C4S3 | [0.25 0.25 0.25 0.25]
C4S4 | [0.08803271 0.33456056 0.32336904 0.25403769]
C4S5 | [0.01120063 0.         0.         0.98879937]
C4S6 | [0.07028986 0.03333333 0.03333333 0.86304348]
C4S7 | [0.14080453 0.06615609 0.06692196 0.72611743]
C4S8 | [0.20173929 0.09630091 0.11246927 0.58949052]
C4S9 | [0.30196385 0.25114488 0.12946342 0.31742785]
C4ST | [0.02824854 0.29140031 0.03087618 0.64947497]
C4SJ | [0.18665092 0.40740601 0.19555091 0.21039216]
C4SQ | [0.07025102 0.27870825 0.1284548  0.52258593]
C4SK | [0.25 0.25 0.25 0.25]
C4SA | [0.17670163 0.24897476 0.33647579 0.23784782]
C5C6 | [0.  0.5 0.1 0.4]
C5C7 | [0.  0.5 0.1 0.4]
C5C8 | [0.         0.45242361 0.2        0.34757639]
C5C9 | [0.         0.45580247 0.2        0.34419753]
C5CT | [0.25 0.25 0.25 0.25]
C5CJ | [0.        0.4587465 0.2       0.3412535]
C5CQ | [0.25 0.25 0.25 0.25]
C5CK | [0.25 0.25 0.25 0.25]
C5CA | [0.         0.44097622 0.22068577 0.33833802]
C5D2 | [0.01148526 0.         0.         0.98851474]
C5D3 | [0.12180721 0.29999553 0.33337439 0.24482287]
C5D4 | [0.01148526 0.         0.         0.98851474]
C5D5 | [0.07966754 0.34830984 0.32141219 0.25061043]
C5D6 | [0.07028986 0.03333333 0.03333333 0.86304348]
C5D7 | [0.14080472 0.06615565 0.06692217 0.72611746]
C5D8 | [0.20173313 0.09631037 0.11246952 0.58948698]
C5D9 | [0.30196925 0.25114054 0.12946661 0.3174236 ]
C5DT | [0.02824872 0.29143846 0.03083843 0.64947438]
C5DJ | [0.18666014 0.40738993 0.19555254 0.21039739]
C5DQ | [0.07022759 0.27870813 0.12845541 0.52260887]
C5DK | [0.  0.3 0.1 0.6]
C5DA | [0.17671472 0.24895403 0.33647764 0.23785362]
C5H2 | [0.01148526 0.         0.         0.98851474]
C5H3 | [0.12180721 0.29999553 0.33337439 0.24482287]
C5H4 | [0.01148526 0.         0.         0.98851474]
C5H5 | [0.07966754 0.34830984 0.32141219 0.25061043]
C5H6 | [0.07028986 0.03333333 0.03333333 0.86304348]
C5H7 | [0.14080472 0.06615565 0.06692217 0.72611746]
C5H8 | [0.20173313 0.09631037 0.11246952 0.58948698]
C5H9 | [0.30196925 0.25114054 0.12946661 0.3174236 ]
C5HT | [0.02824872 0.29143846 0.03083843 0.64947438]
C5HJ | [0.18666014 0.40738993 0.19555254 0.21039739]
C5HQ | [0.07022759 0.27870813 0.12845541 0.52260887]
C5HK | [0.  0.3 0.1 0.6]
C5HA | [0.17671472 0.24895403 0.33647764 0.23785362]
C5S2 | [0.01148526 0.         0.         0.98851474]
C5S3 | [0.25 0.25 0.25 0.25]
C5S4 | [0.01148526 0.         0.         0.98851474]
C5S5 | [0.07966754 0.34830984 0.32141219 0.25061043]
C5S6 | [0.07028986 0.03333333 0.03333333 0.86304348]
C5S7 | [0.14080472 0.06615565 0.06692217 0.72611746]
C5S8 | [0.20173313 0.09631037 0.11246952 0.58948698]
C5S9 | [0.30196925 0.25114054 0.12946661 0.3174236 ]
C5ST | [0.02824872 0.29143846 0.03083843 0.64947438]
C5SJ | [0.18666014 0.40738993 0.19555254 0.21039739]
C5SQ | [0.07022759 0.27870813 0.12845541 0.52260887]
C5SK | [0.25 0.25 0.25 0.25]
C5SA | [0.17671472 0.24895403 0.33647764 0.23785362]
C6C7 | [0.  0.5 0.1 0.4]
C6C8 | [0.         0.45242427 0.2        0.34757573]
C6C9 | [0.         0.45580319 0.2        0.34419681]
C6CT | [0.25 0.25 0.25 0.25]
C6CJ | [0.         0.45874706 0.2        0.34125294]
C6CQ | [0.25 0.25 0.25 0.25]
C6CK | [0.25 0.25 0.25 0.25]
C6CA | [0.         0.54097687 0.22068569 0.23833744]
C6D2 | [0.07028986 0.03333333 0.03333333 0.86304348]
C6D3 | [0.12187785 0.29985098 0.33339257 0.24487859]
C6D4 | [0.07028986 0.03333333 0.03333333 0.86304348]
C6D5 | [0.07028986 0.03333333 0.03333333 0.86304348]
C6D6 | [0.06587092 0.37762731 0.31851536 0.2379864 ]
C6D7 | [0.14080526 0.06615443 0.06692279 0.72611753]
C6D8 | [0.20171625 0.09633725 0.11247031 0.58947619]
C6D9 | [0.30173934 0.25152864 0.12934084 0.31739118]
C6DT | [0.02824588 0.29159183 0.03067888 0.64948341]
C6DJ | [0.18694703 0.40685058 0.19579782 0.21040457]
C6DQ | [0.06961943 0.27971543 0.12707598 0.52358916]
C6DK | [0.  0.3 0.1 0.6]
C6DA | [0.17696086 0.24894056 0.3363146  0.23778398]
C6H2 | [0.07028986 0.03333333 0.03333333 0.86304348]
C6H3 | [0.12187785 0.29985098 0.33339257 0.24487859]
C6H4 | [0.07028986 0.03333333 0.03333333 0.86304348]
C6H5 | [0.07028986 0.03333333 0.03333333 0.86304348]
C6H6 | [0.06587092 0.37762731 0.31851536 0.2379864 ]
C6H7 | [0.14080526 0.06615443 0.06692279 0.72611753]
C6H8 | [0.20171625 0.09633725 0.11247031 0.58947619]
C6H9 | [0.30173934 0.25152864 0.12934084 0.31739118]
C6HT | [0.02824588 0.29159183 0.03067888 0.64948341]
C6HJ | [0.18694703 0.40685058 0.19579782 0.21040457]
C6HQ | [0.06961943 0.27971543 0.12707598 0.52358916]
C6HK | [0.  0.3 0.1 0.6]
C6HA | [0.17696086 0.24894056 0.3363146  0.23778398]
C6S2 | [0.07028986 0.03333333 0.03333333 0.86304348]
C6S3 | [0.25 0.25 0.25 0.25]
C6S4 | [0.07028986 0.03333333 0.03333333 0.86304348]
C6S5 | [0.07028986 0.03333333 0.03333333 0.86304348]
C6S6 | [0.06587092 0.37762731 0.31851536 0.2379864 ]
C6S7 | [0.14080526 0.06615443 0.06692279 0.72611753]
C6S8 | [0.20171625 0.09633725 0.11247031 0.58947619]
C6S9 | [0.30173934 0.25152864 0.12934084 0.31739118]
C6ST | [0.02824588 0.29159183 0.03067888 0.64948341]
C6SJ | [0.18694703 0.40685058 0.19579782 0.21040457]
C6SQ | [0.06961943 0.27971543 0.12707598 0.52358916]
C6SK | [0.25 0.25 0.25 0.25]
C6SA | [0.17696086 0.24894056 0.3363146  0.23778398]
C7C8 | [0.         0.45649789 0.2        0.34350211]
C7C9 | [0.         0.46105576 0.2        0.33894424]
C7CT | [0.25 0.25 0.25 0.25]
C7CJ | [0.         0.46340464 0.2        0.33659536]
C7CQ | [0.25 0.25 0.25 0.25]
C7CK | [0.25 0.25 0.25 0.25]
C7CA | [0.         0.55217553 0.21507248 0.232752  ]
C7D2 | [0.14080599 0.06615275 0.06692362 0.72611763]
C7D3 | [0.12188763 0.3000724  0.33379636 0.24424361]
C7D4 | [0.14080485 0.06615534 0.06692233 0.72611748]
C7D5 | [0.14080498 0.06615506 0.06692247 0.72611749]
C7D6 | [0.14080525 0.06615445 0.06692277 0.72611753]
C7D7 | [0.06778353 0.38692905 0.28076988 0.26451754]
C7D8 | [0.20245758 0.09602001 0.11220709 0.58931532]
C7D9 | [0.30176565 0.25142258 0.12941754 0.31739423]
C7DT | [0.02817529 0.29189352 0.0313731  0.64855808]
C7DJ | [0.18713975 0.40682951 0.19542995 0.21060079]
C7DQ | [0.07048584 0.29151223 0.12586681 0.51213512]
C7DK | [0.  0.3 0.1 0.6]
C7DA | [0.17700538 0.24890317 0.33622904 0.23786241]
C7H2 | [0.14080599 0.06615275 0.06692362 0.72611763]
C7H3 | [0.12188763 0.3000724  0.33379636 0.24424361]
C7H4 | [0.14080485 0.06615534 0.06692233 0.72611748]
C7H5 | [0.14080498 0.06615506 0.06692247 0.72611749]
C7H6 | [0.14080525 0.06615445 0.06692277 0.72611753]
C7H7 | [0.06778353 0.38692905 0.28076988 0.26451754]
C7H8 | [0.20245758 0.09602001 0.11220709 0.58931532]
C7H9 | [0.30176565 0.25142258 0.12941754 0.31739423]
C7HT | [0.02817529 0.29189352 0.0313731  0.64855808]
C7HJ | [0.18713975 0.40682951 0.19542995 0.21060079]
C7HQ | [0.07048584 0.29151223 0.12586681 0.51213512]
C7HK | [0.  0.3 0.1 0.6]
C7HA | [0.17700538 0.24890317 0.33622904 0.23786241]
C7S2 | [0.14080599 0.06615275 0.06692362 0.72611763]
C7S3 | [0.25 0.25 0.25 0.25]
C7S4 | [0.14080485 0.06615534 0.06692233 0.72611748]
C7S5 | [0.14080498 0.06615506 0.06692247 0.72611749]
C7S6 | [0.14080525 0.06615445 0.06692277 0.72611753]
C7S7 | [0.06778353 0.38692905 0.28076988 0.26451754]
C7S8 | [0.20245758 0.09602001 0.11220709 0.58931532]
C7S9 | [0.30176565 0.25142258 0.12941754 0.31739423]
C7ST | [0.02817529 0.29189352 0.0313731  0.64855808]
C7SJ | [0.18713975 0.40682951 0.19542995 0.21060079]
C7SQ | [0.07048584 0.29151223 0.12586681 0.51213512]
C7SK | [0.25 0.25 0.25 0.25]
C7SA | [0.17700538 0.24890317 0.33622904 0.23786241]
C8C9 | [0.         0.45882406 0.2        0.34117594]
C8CT | [0.25 0.25 0.25 0.25]
C8CJ | [0.         0.46205598 0.2        0.33794402]
C8CQ | [0.25 0.25 0.25 0.25]
C8CK | [0.25 0.25 0.25 0.25]
C8CA | [0.         0.55072383 0.21581874 0.23345743]
C8D2 | [0.20266535 0.09283883 0.11278475 0.59171108]
C8D3 | [0.12262608 0.29933104 0.3344714  0.24357148]
C8D4 | [0.20270477 0.09403907 0.11237642 0.59087974]
C8D5 | [0.2027007  0.09404529 0.11237661 0.59087741]
C8D6 | [0.20269191 0.09405888 0.11237709 0.59087212]
C8D7 | [0.20311762 0.09347792 0.11279925 0.59060521]
C8D8 | [0.05649051 0.38575907 0.27873198 0.27901844]
C8D9 | [0.30194509 0.25148389 0.12918059 0.31739043]
C8DT | [0.02787067 0.29235332 0.02841907 0.65135694]
C8DJ | [0.1884976  0.40695109 0.19414226 0.21040906]
C8DQ | [0.0673167  0.29559772 0.12710333 0.50998225]
C8DK | [0.  0.3 0.1 0.6]
C8DA | [0.11861519 0.42543802 0.24926947 0.20667732]
C8H2 | [0.20266535 0.09283883 0.11278475 0.59171108]
C8H3 | [0.12262608 0.29933104 0.3344714  0.24357148]
C8H4 | [0.20270477 0.09403907 0.11237642 0.59087974]
C8H5 | [0.2027007  0.09404529 0.11237661 0.59087741]
C8H6 | [0.20269191 0.09405888 0.11237709 0.59087212]
C8H7 | [0.20311762 0.09347792 0.11279925 0.59060521]
C8H8 | [0.05649051 0.38575907 0.27873198 0.27901844]
C8H9 | [0.30194509 0.25148389 0.12918059 0.31739043]
C8HT | [0.02787067 0.29235332 0.02841907 0.65135694]
C8HJ | [0.1884976  0.40695109 0.19414226 0.21040906]
C8HQ | [0.0673167  0.29559772 0.12710333 0.50998225]
C8HK | [0.  0.3 0.1 0.6]
C8HA | [0.11861519 0.42543802 0.24926947 0.20667732]
C8S2 | [0.20266535 0.09283883 0.11278475 0.59171108]
C8S3 | [0.25 0.25 0.25 0.25]
C8S4 | [0.20270477 0.09403907 0.11237642 0.59087974]
C8S5 | [0.2027007  0.09404529 0.11237661 0.59087741]
C8S6 | [0.20269191 0.09405888 0.11237709 0.59087212]
C8S7 | [0.20311762 0.09347792 0.11279925 0.59060521]
C8S8 | [0.05649051 0.38575907 0.27873198 0.27901844]
C8S9 | [0.30194509 0.25148389 0.12918059 0.31739043]
C8ST | [0.02787067 0.29235332 0.02841907 0.65135694]
C8SJ | [0.1884976  0.40695109 0.19414226 0.21040906]
C8SQ | [0.0673167  0.29559772 0.12710333 0.50998225]
C8SK | [0.25 0.25 0.25 0.25]
C8SA | [0.11861519 0.42543802 0.24926947 0.20667732]
C9CT | [0.25 0.25 0.25 0.25]
C9CJ | [0.         0.7        0.15579693 0.14420307]
C9CQ | [0.25 0.25 0.25 0.25]
C9CK | [0.25 0.25 0.25 0.25]
C9CA | [0.         0.56292614 0.21005138 0.22702248]
C9D2 | [0.30209728 0.24627005 0.12914702 0.32248565]
C9D3 | [0.12107241 0.3002481  0.33535308 0.24332641]
C9D4 | [0.30271779 0.24738345 0.12930626 0.32059251]
C9D5 | [0.30272541 0.24737385 0.12931067 0.32059006]
C9D6 | [0.30240217 0.24787881 0.12915028 0.32056874]
C9D7 | [0.30241921 0.24771377 0.12929179 0.32057523]
C9D8 | [0.30266605 0.24781112 0.12895629 0.32056654]
C9D9 | [0.05545594 0.37977809 0.28719274 0.27757323]
C9DT | [0.02862163 0.2862509  0.03588175 0.64924573]
C9DJ | [0.         0.45591977 0.2        0.34408023]
C9DQ | [0.07121442 0.29522656 0.12834713 0.50521188]
C9DK | [0.  0.3 0.1 0.6]
C9DA | [0.16309642 0.25242294 0.34718633 0.23729431]
C9H2 | [0.30209728 0.24627005 0.12914702 0.32248565]
C9H3 | [0.12107241 0.3002481  0.33535308 0.24332641]
C9H4 | [0.30271779 0.24738345 0.12930626 0.32059251]
C9H5 | [0.30272541 0.24737385 0.12931067 0.32059006]
C9H6 | [0.30240217 0.24787881 0.12915028 0.32056874]
C9H7 | [0.30241921 0.24771377 0.12929179 0.32057523]
C9H8 | [0.30266605 0.24781112 0.12895629 0.32056654]
C9H9 | [0.05545594 0.37977809 0.28719274 0.27757323]
C9HT | [0.02862163 0.2862509  0.03588175 0.64924573]
C9HJ | [0.         0.45591977 0.2        0.34408023]
C9HQ | [0.07121442 0.29522656 0.12834713 0.50521188]
C9HK | [0.  0.3 0.1 0.6]
C9HA | [0.16309642 0.25242294 0.34718633 0.23729431]
C9S2 | [0.30209728 0.24627005 0.12914702 0.32248565]
C9S3 | [0.25 0.25 0.25 0.25]
C9S4 | [0.30271779 0.24738345 0.12930626 0.32059251]
C9S5 | [0.30272541 0.24737385 0.12931067 0.32059006]
C9S6 | [0.30240217 0.24787881 0.12915028 0.32056874]
C9S7 | [0.30241921 0.24771377 0.12929179 0.32057523]
C9S8 | [0.30266605 0.24781112 0.12895629 0.32056654]
C9S9 | [0.05545594 0.37977809 0.28719274 0.27757323]
C9ST | [0.02862163 0.2862509  0.03588175 0.64924573]
C9SJ | [0.         0.45591977 0.2        0.34408023]
C9SQ | [0.07121442 0.29522656 0.12834713 0.50521188]
C9SK | [0.25 0.25 0.25 0.25]
C9SA | [0.16309642 0.25242294 0.34718633 0.23729431]
CTCJ | [0.25 0.25 0.25 0.25]
CTCQ | [0.25 0.25 0.25 0.25]
CTCK | [0.25 0.25 0.25 0.25]
CTCA | [0.25 0.25 0.25 0.25]
CTD2 | [0.25 0.25 0.25 0.25]
CTD3 | [0.25 0.25 0.25 0.25]
CTD4 | [0.25 0.25 0.25 0.25]
CTD5 | [0.25 0.25 0.25 0.25]
CTD6 | [0.25 0.25 0.25 0.25]
CTD7 | [0.25 0.25 0.25 0.25]
CTD8 | [0.25 0.25 0.25 0.25]
CTD9 | [0.25 0.25 0.25 0.25]
CTDT | [0.25 0.25 0.25 0.25]
CTDJ | [0.25 0.25 0.25 0.25]
CTDQ | [0.25 0.25 0.25 0.25]
CTDK | [0.25 0.25 0.25 0.25]
CTDA | [0.25 0.25 0.25 0.25]
CTH2 | [0.25 0.25 0.25 0.25]
CTH3 | [0.25 0.25 0.25 0.25]
CTH4 | [0.25 0.25 0.25 0.25]
CTH5 | [0.25 0.25 0.25 0.25]
CTH6 | [0.25 0.25 0.25 0.25]
CTH7 | [0.25 0.25 0.25 0.25]
CTH8 | [0.25 0.25 0.25 0.25]
CTH9 | [0.25 0.25 0.25 0.25]
CTHT | [0.25 0.25 0.25 0.25]
CTHJ | [0.25 0.25 0.25 0.25]
CTHQ | [0.25 0.25 0.25 0.25]
CTHK | [0.25 0.25 0.25 0.25]
CTHA | [0.25 0.25 0.25 0.25]
CTS2 | [0.25 0.25 0.25 0.25]
CTS3 | [0.25 0.25 0.25 0.25]
CTS4 | [0.25 0.25 0.25 0.25]
CTS5 | [0.25 0.25 0.25 0.25]
CTS6 | [0.25 0.25 0.25 0.25]
CTS7 | [0.25 0.25 0.25 0.25]
CTS8 | [0.25 0.25 0.25 0.25]
CTS9 | [0.25 0.25 0.25 0.25]
CTST | [0.25 0.25 0.25 0.25]
CTSJ | [0.25 0.25 0.25 0.25]
CTSQ | [0.25 0.25 0.25 0.25]
CTSK | [0.25 0.25 0.25 0.25]
CTSA | [0.25 0.25 0.25 0.25]
CJCQ | [0.25 0.25 0.25 0.25]
CJCK | [0.25 0.25 0.25 0.25]
CJCA | [0.         0.7        0.15674006 0.14325994]
CJD2 | [0.18662336 0.40872802 0.19388633 0.2107623 ]
CJD3 | [0.11522883 0.31953793 0.32988492 0.23534833]
CJD4 | [0.18730526 0.40808612 0.19384528 0.21076333]
CJD5 | [0.18731803 0.40806285 0.19384849 0.21077063]
CJD6 | [0.18769132 0.40737406 0.19415371 0.21078091]
CJD7 | [0.18788547 0.40727415 0.19397692 0.21086347]
CJD8 | [0.18968517 0.40748985 0.19211343 0.21071156]
CJD9 | [0.         0.45528292 0.2        0.34471708]
CJDT | [0.02515624 0.24891435 0.06125214 0.66467728]
CJDJ | [0.04538888 0.21980587 0.06304031 0.67176494]
CJDQ | [0.04382201 0.26874315 0.1578812  0.52955364]
CJDK | [0.  0.5 0.1 0.4]
CJDA | [0.         0.45966178 0.2        0.34033822]
CJH2 | [0.18662336 0.40872802 0.19388633 0.2107623 ]
CJH3 | [0.11522883 0.31953793 0.32988492 0.23534833]
CJH4 | [0.18730526 0.40808612 0.19384528 0.21076333]
CJH5 | [0.18731803 0.40806285 0.19384849 0.21077063]
CJH6 | [0.18769132 0.40737406 0.19415371 0.21078091]
CJH7 | [0.18788547 0.40727415 0.19397692 0.21086347]
CJH8 | [0.18968517 0.40748985 0.19211343 0.21071156]
CJH9 | [0.         0.45528292 0.2        0.34471708]
CJHT | [0.02515624 0.24891435 0.06125214 0.66467728]
CJHJ | [0.04538888 0.21980587 0.06304031 0.67176494]
CJHQ | [0.04382201 0.26874315 0.1578812  0.52955364]
CJHK | [0.  0.5 0.1 0.4]
CJHA | [0.         0.45966178 0.2        0.34033822]
CJS2 | [0.18662336 0.40872802 0.19388633 0.2107623 ]
CJS3 | [0.25 0.25 0.25 0.25]
CJS4 | [0.18730526 0.40808612 0.19384528 0.21076333]
CJS5 | [0.18731803 0.40806285 0.19384849 0.21077063]
CJS6 | [0.18769132 0.40737406 0.19415371 0.21078091]
CJS7 | [0.18788547 0.40727415 0.19397692 0.21086347]
CJS8 | [0.18968517 0.40748985 0.19211343 0.21071156]
CJS9 | [0.         0.45528292 0.2        0.34471708]
CJST | [0.02515624 0.24891435 0.06125214 0.66467728]
CJSJ | [0.04538888 0.21980587 0.06304031 0.67176494]
CJSQ | [0.04382201 0.26874315 0.1578812  0.52955364]
CJSK | [0.25 0.25 0.25 0.25]
CJSA | [0.         0.45966178 0.2        0.34033822]
CQCK | [0.25 0.25 0.25 0.25]
CQCA | [0.25 0.25 0.25 0.25]
CQD2 | [0.25 0.25 0.25 0.25]
CQD3 | [0.25 0.25 0.25 0.25]
CQD4 | [0.25 0.25 0.25 0.25]
CQD5 | [0.25 0.25 0.25 0.25]
CQD6 | [0.25 0.25 0.25 0.25]
CQD7 | [0.25 0.25 0.25 0.25]
CQD8 | [0.25 0.25 0.25 0.25]
CQD9 | [0.25 0.25 0.25 0.25]
CQDT | [0.25 0.25 0.25 0.25]
CQDJ | [0.25 0.25 0.25 0.25]
CQDQ | [0.25 0.25 0.25 0.25]
CQDK | [0.25 0.25 0.25 0.25]
CQDA | [0.25 0.25 0.25 0.25]
CQH2 | [0.25 0.25 0.25 0.25]
CQH3 | [0.25 0.25 0.25 0.25]
CQH4 | [0.25 0.25 0.25 0.25]
CQH5 | [0.25 0.25 0.25 0.25]
CQH6 | [0.25 0.25 0.25 0.25]
CQH7 | [0.25 0.25 0.25 0.25]
CQH8 | [0.25 0.25 0.25 0.25]
CQH9 | [0.25 0.25 0.25 0.25]
CQHT | [0.25 0.25 0.25 0.25]
CQHJ | [0.25 0.25 0.25 0.25]
CQHQ | [0.25 0.25 0.25 0.25]
CQHK | [0.25 0.25 0.25 0.25]
CQHA | [0.25 0.25 0.25 0.25]
CQS2 | [0.25 0.25 0.25 0.25]
CQS3 | [0.25 0.25 0.25 0.25]
CQS4 | [0.25 0.25 0.25 0.25]
CQS5 | [0.25 0.25 0.25 0.25]
CQS6 | [0.25 0.25 0.25 0.25]
CQS7 | [0.25 0.25 0.25 0.25]
CQS8 | [0.25 0.25 0.25 0.25]
CQS9 | [0.25 0.25 0.25 0.25]
CQST | [0.25 0.25 0.25 0.25]
CQSJ | [0.25 0.25 0.25 0.25]
CQSQ | [0.25 0.25 0.25 0.25]
CQSK | [0.25 0.25 0.25 0.25]
CQSA | [0.25 0.25 0.25 0.25]
CKCA | [0.25 0.25 0.25 0.25]
CKD2 | [0.25 0.25 0.25 0.25]
CKD3 | [0.25 0.25 0.25 0.25]
CKD4 | [0.25 0.25 0.25 0.25]
CKD5 | [0.25 0.25 0.25 0.25]
CKD6 | [0.25 0.25 0.25 0.25]
CKD7 | [0.25 0.25 0.25 0.25]
CKD8 | [0.25 0.25 0.25 0.25]
CKD9 | [0.25 0.25 0.25 0.25]
CKDT | [0.25 0.25 0.25 0.25]
CKDJ | [0.25 0.25 0.25 0.25]
CKDQ | [0.25 0.25 0.25 0.25]
CKDK | [0.25 0.25 0.25 0.25]
CKDA | [0.25 0.25 0.25 0.25]
CKH2 | [0.25 0.25 0.25 0.25]
CKH3 | [0.25 0.25 0.25 0.25]
CKH4 | [0.25 0.25 0.25 0.25]
CKH5 | [0.25 0.25 0.25 0.25]
CKH6 | [0.25 0.25 0.25 0.25]
CKH7 | [0.25 0.25 0.25 0.25]
CKH8 | [0.25 0.25 0.25 0.25]
CKH9 | [0.25 0.25 0.25 0.25]
CKHT | [0.25 0.25 0.25 0.25]
CKHJ | [0.25 0.25 0.25 0.25]
CKHQ | [0.25 0.25 0.25 0.25]
CKHK | [0.25 0.25 0.25 0.25]
CKHA | [0.25 0.25 0.25 0.25]
CKS2 | [0.25 0.25 0.25 0.25]
CKS3 | [0.25 0.25 0.25 0.25]
CKS4 | [0.25 0.25 0.25 0.25]
CKS5 | [0.25 0.25 0.25 0.25]
CKS6 | [0.25 0.25 0.25 0.25]
CKS7 | [0.25 0.25 0.25 0.25]
CKS8 | [0.25 0.25 0.25 0.25]
CKS9 | [0.25 0.25 0.25 0.25]
CKST | [0.25 0.25 0.25 0.25]
CKSJ | [0.25 0.25 0.25 0.25]
CKSQ | [0.25 0.25 0.25 0.25]
CKSK | [0.25 0.25 0.25 0.25]
CKSA | [0.25 0.25 0.25 0.25]
CAD2 | [0.15155372 0.28263701 0.32912314 0.23668612]
CAD3 | [0.08688098 0.36005148 0.32414735 0.22892019]
CAD4 | [0.15169423 0.28271249 0.32884622 0.23674706]
CAD5 | [0.15171177 0.28268331 0.3288496  0.23675533]
CAD6 | [0.15226499 0.282557   0.32842317 0.23675483]
CAD7 | [0.15224248 0.28225035 0.32871853 0.23678864]
CAD8 | [0.12057031 0.42461939 0.2477305  0.2070798 ]
CAD9 | [0.16501576 0.25109052 0.3459662  0.23792751]
CADT | [0.04728599 0.21557727 0.06267201 0.67446472]
CADJ | [0.         0.45940832 0.2        0.34059168]
CADQ | [0.02433314 0.27331961 0.15305458 0.54929268]
CADK | [0.  0.5 0.1 0.4]
CADA | [0.016855   0.27210519 0.14449823 0.56654158]
CAH2 | [0.15155372 0.28263701 0.32912314 0.23668612]
CAH3 | [0.08688098 0.36005148 0.32414735 0.22892019]
CAH4 | [0.15169423 0.28271249 0.32884622 0.23674706]
CAH5 | [0.15171177 0.28268331 0.3288496  0.23675533]
CAH6 | [0.15226499 0.282557   0.32842317 0.23675483]
CAH7 | [0.15224248 0.28225035 0.32871853 0.23678864]
CAH8 | [0.12057031 0.42461939 0.2477305  0.2070798 ]
CAH9 | [0.16501576 0.25109052 0.3459662  0.23792751]
CAHT | [0.04728599 0.21557727 0.06267201 0.67446472]
CAHJ | [0.         0.45940832 0.2        0.34059168]
CAHQ | [0.02433314 0.27331961 0.15305458 0.54929268]
CAHK | [0.  0.5 0.1 0.4]
CAHA | [0.016855   0.27210519 0.14449823 0.56654158]
CAS2 | [0.15155372 0.28263701 0.32912314 0.23668612]
CAS3 | [0.25 0.25 0.25 0.25]
CAS4 | [0.15169423 0.28271249 0.32884622 0.23674706]
CAS5 | [0.15171177 0.28268331 0.3288496  0.23675533]
CAS6 | [0.15226499 0.282557   0.32842317 0.23675483]
CAS7 | [0.15224248 0.28225035 0.32871853 0.23678864]
CAS8 | [0.12057031 0.42461939 0.2477305  0.2070798 ]
CAS9 | [0.16501576 0.25109052 0.3459662  0.23792751]
CAST | [0.04728599 0.21557727 0.06267201 0.67446472]
CASJ | [0.         0.45940832 0.2        0.34059168]
CASQ | [0.02433314 0.27331961 0.15305458 0.54929268]
CASK | [0.25 0.25 0.25 0.25]
CASA | [0.016855   0.27210519 0.14449823 0.56654158]
D2D3 | [0.25815046 0.2225099  0.29685532 0.22248431]
D2D4 | [0.02147334 0.         0.         0.97852666]
D2D5 | [0.01205465 0.         0.         0.98794535]
D2D6 | [0.07028986 0.03333333 0.03333333 0.86304348]
D2D7 | [0.14080246 0.06616077 0.06691961 0.72611715]
D2D8 | [0.19866906 0.09459257 0.11401108 0.59272729]
D2D9 | [0.30285339 0.2458884  0.12973918 0.32151903]
D2DT | [0.02777665 0.29087498 0.02791352 0.65343486]
D2DJ | [0.18745826 0.40540145 0.19617712 0.21096317]
D2DQ | [0.07158114 0.26905163 0.13150212 0.52786511]
D2DK | [0.  0.3 0.1 0.6]
D2DA | [0.15300834 0.28142421 0.32897282 0.23659463]
D2H2 | [0.1261175  0.34014575 0.33585117 0.19788558]
D2H3 | [0.25815046 0.2225099  0.29685532 0.22248431]
D2H4 | [0.02147334 0.         0.         0.97852666]
D2H5 | [0.01205465 0.         0.         0.98794535]
D2H6 | [0.07028986 0.03333333 0.03333333 0.86304348]
D2H7 | [0.14080246 0.06616077 0.06691961 0.72611715]
D2H8 | [0.19866906 0.09459257 0.11401108 0.59272729]
D2H9 | [0.30285339 0.2458884  0.12973918 0.32151903]
D2HT | [0.02777665 0.29087498 0.02791352 0.65343486]
D2HJ | [0.18745826 0.40540145 0.19617712 0.21096317]
D2HQ | [0.07158114 0.26905163 0.13150212 0.52786511]
D2HK | [0.  0.3 0.1 0.6]
D2HA | [0.15300834 0.28142421 0.32897282 0.23659463]
D2S2 | [0.1261175  0.34014575 0.33585117 0.19788558]
D2S3 | [0.25 0.25 0.25 0.25]
D2S4 | [0.02147334 0.         0.         0.97852666]
D2S5 | [0.01205465 0.         0.         0.98794535]
D2S6 | [0.07028986 0.03333333 0.03333333 0.86304348]
D2S7 | [0.14080246 0.06616077 0.06691961 0.72611715]
D2S8 | [0.19866906 0.09459257 0.11401108 0.59272729]
D2S9 | [0.30285339 0.2458884  0.12973918 0.32151903]
D2ST | [0.02777665 0.29087498 0.02791352 0.65343486]
D2SJ | [0.18745826 0.40540145 0.19617712 0.21096317]
D2SQ | [0.07158114 0.26905163 0.13150212 0.52786511]
D2SK | [0.25 0.25 0.25 0.25]
D2SA | [0.15300834 0.28142421 0.32897282 0.23659463]
D3D4 | [0.2569147  0.22458835 0.29600241 0.22249454]
D3D5 | [0.25695314 0.22454843 0.29600393 0.2224945 ]
D3D6 | [0.25703416 0.22467649 0.29619991 0.22208943]
D3D7 | [0.25766799 0.22533274 0.29564712 0.22135215]
D3D8 | [0.25738724 0.2257705  0.29434477 0.2224975 ]
D3D9 | [0.25756433 0.22165791 0.29904932 0.22172844]
D3DT | [0.03894504 0.29200966 0.24020484 0.42884046]
D3DJ | [0.12448103 0.2972884  0.33589612 0.24233444]
D3DQ | [0.04518847 0.21952355 0.06174075 0.67354724]
D3DK | [0.         0.56516468 0.2        0.23483532]
D3DA | [0.10368635 0.31853478 0.33036183 0.24741704]
D3H2 | [0.25815046 0.2225099  0.29685532 0.22248431]
D3H3 | [0.         0.7        0.05477696 0.24522304]
D3H4 | [0.2569147  0.22458835 0.29600241 0.22249454]
D3H5 | [0.25695314 0.22454843 0.29600393 0.2224945 ]
D3H6 | [0.25703416 0.22467649 0.29619991 0.22208943]
D3H7 | [0.25766799 0.22533274 0.29564712 0.22135215]
D3H8 | [0.25738724 0.2257705  0.29434477 0.2224975 ]
D3H9 | [0.25756433 0.22165791 0.29904932 0.22172844]
D3HT | [0.03894504 0.29200966 0.24020484 0.42884046]
D3HJ | [0.12448103 0.2972884  0.33589612 0.24233444]
D3HQ | [0.04518847 0.21952355 0.06174075 0.67354724]
D3HK | [0.         0.56516468 0.2        0.23483532]
D3HA | [0.10368635 0.31853478 0.33036183 0.24741704]
D3S2 | [0.25815046 0.2225099  0.29685532 0.22248431]
D3S3 | [0.25 0.25 0.25 0.25]
D3S4 | [0.2569147  0.22458835 0.29600241 0.22249454]
D3S5 | [0.25695314 0.22454843 0.29600393 0.2224945 ]
D3S6 | [0.25703416 0.22467649 0.29619991 0.22208943]
D3S7 | [0.25766799 0.22533274 0.29564712 0.22135215]
D3S8 | [0.25738724 0.2257705  0.29434477 0.2224975 ]
D3S9 | [0.25756433 0.22165791 0.29904932 0.22172844]
D3ST | [0.03894504 0.29200966 0.24020484 0.42884046]
D3SJ | [0.12448103 0.2972884  0.33589612 0.24233444]
D3SQ | [0.04518847 0.21952355 0.06174075 0.67354724]
D3SK | [0.25 0.25 0.25 0.25]
D3SA | [0.10368635 0.31853478 0.33036183 0.24741704]
D4D5 | [0.01205465 0.         0.         0.98794535]
D4D6 | [0.07028986 0.03333333 0.03333333 0.86304348]
D4D7 | [0.14080135 0.06616331 0.06691835 0.726117  ]
D4D8 | [0.19870467 0.09585314 0.11357923 0.59186297]
D4D9 | [0.30345677 0.24699029 0.12989848 0.31965446]
D4DT | [0.02786553 0.29095564 0.02806554 0.65311329]
D4DJ | [0.18814909 0.40478688 0.19609983 0.21096421]
D4DQ | [0.07243909 0.26501069 0.13125345 0.53129677]
D4DK | [0.  0.3 0.1 0.6]
D4DA | [0.15316167 0.28147515 0.32869937 0.23666381]
D4H2 | [0.02147334 0.         0.         0.97852666]
D4H3 | [0.2569147  0.22458835 0.29600241 0.22249454]
D4H4 | [0.09588363 0.32513095 0.32476316 0.25422226]
D4H5 | [0.01205465 0.         0.         0.98794535]
D4H6 | [0.07028986 0.03333333 0.03333333 0.86304348]
D4H7 | [0.14080135 0.06616331 0.06691835 0.726117  ]
D4H8 | [0.19870467 0.09585314 0.11357923 0.59186297]
D4H9 | [0.30345677 0.24699029 0.12989848 0.31965446]
D4HT | [0.02786553 0.29095564 0.02806554 0.65311329]
D4HJ | [0.18814909 0.40478688 0.19609983 0.21096421]
D4HQ | [0.07243909 0.26501069 0.13125345 0.53129677]
D4HK | [0.  0.3 0.1 0.6]
D4HA | [0.15316167 0.28147515 0.32869937 0.23666381]
D4S2 | [0.02147334 0.         0.         0.97852666]
D4S3 | [0.25 0.25 0.25 0.25]
D4S4 | [0.09588363 0.32513095 0.32476316 0.25422226]
D4S5 | [0.01205465 0.         0.         0.98794535]
D4S6 | [0.07028986 0.03333333 0.03333333 0.86304348]
D4S7 | [0.14080135 0.06616331 0.06691835 0.726117  ]
D4S8 | [0.19870467 0.09585314 0.11357923 0.59186297]
D4S9 | [0.30345677 0.24699029 0.12989848 0.31965446]
D4ST | [0.02786553 0.29095564 0.02806554 0.65311329]
D4SJ | [0.18814909 0.40478688 0.19609983 0.21096421]
D4SQ | [0.07243909 0.26501069 0.13125345 0.53129677]
D4SK | [0.25 0.25 0.25 0.25]
D4SA | [0.15316167 0.28147515 0.32869937 0.23666381]
D5D6 | [0.07028986 0.03333333 0.03333333 0.86304348]
D5D7 | [0.14080147 0.06616303 0.06691848 0.72611702]
D5D8 | [0.19870097 0.0958591  0.11357933 0.5918606 ]
D5D9 | [0.30346426 0.24698107 0.12990285 0.31965182]
D5DT | [0.02786603 0.29100502 0.02801749 0.65311146]
D5DJ | [0.18816166 0.40476397 0.19610291 0.21097146]
D5DQ | [0.07242123 0.26501    0.13125316 0.5313156 ]
D5DK | [0.  0.3 0.1 0.6]
D5DA | [0.15317903 0.28144615 0.32870269 0.23667213]
D5H2 | [0.01205465 0.         0.         0.98794535]
D5H3 | [0.25695314 0.22454843 0.29600393 0.2224945 ]
D5H4 | [0.01205465 0.         0.         0.98794535]
D5H5 | [0.08907076 0.33373456 0.32326802 0.25392666]
D5H6 | [0.07028986 0.03333333 0.03333333 0.86304348]
D5H7 | [0.14080147 0.06616303 0.06691848 0.72611702]
D5H8 | [0.19870097 0.0958591  0.11357933 0.5918606 ]
D5H9 | [0.30346426 0.24698107 0.12990285 0.31965182]
D5HT | [0.02786603 0.29100502 0.02801749 0.65311146]
D5HJ | [0.18816166 0.40476397 0.19610291 0.21097146]
D5HQ | [0.07242123 0.26501    0.13125316 0.5313156 ]
D5HK | [0.  0.3 0.1 0.6]
D5HA | [0.15317903 0.28144615 0.32870269 0.23667213]
D5S2 | [0.01205465 0.         0.         0.98794535]
D5S3 | [0.25 0.25 0.25 0.25]
D5S4 | [0.01205465 0.         0.         0.98794535]
D5S5 | [0.08907076 0.33373456 0.32326802 0.25392666]
D5S6 | [0.07028986 0.03333333 0.03333333 0.86304348]
D5S7 | [0.14080147 0.06616303 0.06691848 0.72611702]
D5S8 | [0.19870097 0.0958591  0.11357933 0.5918606 ]
D5S9 | [0.30346426 0.24698107 0.12990285 0.31965182]
D5ST | [0.02786603 0.29100502 0.02801749 0.65311146]
D5SJ | [0.18816166 0.40476397 0.19610291 0.21097146]
D5SQ | [0.07242123 0.26501    0.13125316 0.5313156 ]
D5SK | [0.25 0.25 0.25 0.25]
D5SA | [0.15317903 0.28144615 0.32870269 0.23667213]
D6D7 | [0.14080173 0.06616244 0.06691878 0.72611705]
D6D8 | [0.19869301 0.09587214 0.11357963 0.59185522]
D6D9 | [0.30313432 0.24750814 0.12973006 0.31962748]
D6DT | [0.02786655 0.29120956 0.0278143  0.65310959]
D6DJ | [0.18852424 0.40417222 0.19632189 0.21098165]
D6DQ | [0.07226221 0.26547329 0.13085429 0.53141022]
D6DK | [0.  0.3 0.1 0.6]
D6DA | [0.15372636 0.28132941 0.32827016 0.23667407]
D6H2 | [0.07028986 0.03333333 0.03333333 0.86304348]
D6H3 | [0.25703416 0.22467649 0.29619991 0.22208943]
D6H4 | [0.07028986 0.03333333 0.03333333 0.86304348]
D6H5 | [0.07028986 0.03333333 0.03333333 0.86304348]
D6H6 | [0.08134608 0.34507738 0.32146293 0.25211361]
D6H7 | [0.14080173 0.06616244 0.06691878 0.72611705]
D6H8 | [0.19869301 0.09587214 0.11357963 0.59185522]
D6H9 | [0.30313432 0.24750814 0.12973006 0.31962748]
D6HT | [0.02786655 0.29120956 0.0278143  0.65310959]
D6HJ | [0.18852424 0.40417222 0.19632189 0.21098165]
D6HQ | [0.07226221 0.26547329 0.13085429 0.53141022]
D6HK | [0.  0.3 0.1 0.6]
D6HA | [0.15372636 0.28132941 0.32827016 0.23667407]
D6S2 | [0.07028986 0.03333333 0.03333333 0.86304348]
D6S3 | [0.25 0.25 0.25 0.25]
D6S4 | [0.07028986 0.03333333 0.03333333 0.86304348]
D6S5 | [0.07028986 0.03333333 0.03333333 0.86304348]
D6S6 | [0.08134608 0.34507738 0.32146293 0.25211361]
D6S7 | [0.14080173 0.06616244 0.06691878 0.72611705]
D6S8 | [0.19869301 0.09587214 0.11357963 0.59185522]
D6S9 | [0.30313432 0.24750814 0.12973006 0.31962748]
D6ST | [0.02786655 0.29120956 0.0278143  0.65310959]
D6SJ | [0.18852424 0.40417222 0.19632189 0.21098165]
D6SQ | [0.07226221 0.26547329 0.13085429 0.53141022]
D6SK | [0.25 0.25 0.25 0.25]
D6SA | [0.15372636 0.28132941 0.32827016 0.23667407]
D7D8 | [0.19907289 0.09529244 0.11405666 0.59157801]
D7D9 | [0.30315053 0.2473434  0.12987237 0.31963371]
D7DT | [0.02774442 0.29161426 0.02860712 0.65203421]
D7DJ | [0.18871646 0.40407336 0.1961457  0.21106448]
D7DQ | [0.07077682 0.28378203 0.12794741 0.51749374]
D7DK | [0.  0.3 0.1 0.6]
D7DA | [0.15370798 0.28102075 0.32856359 0.23670768]
D7H2 | [0.14080246 0.06616077 0.06691961 0.72611715]
D7H3 | [0.25766799 0.22533274 0.29564712 0.22135215]
D7H4 | [0.14080135 0.06616331 0.06691835 0.726117  ]
D7H5 | [0.14080147 0.06616303 0.06691848 0.72611702]
D7H6 | [0.14080173 0.06616244 0.06691878 0.72611705]
D7H7 | [0.06867591 0.37188573 0.31902317 0.24041519]
D7H8 | [0.19907289 0.09529244 0.11405666 0.59157801]
D7H9 | [0.30315053 0.2473434  0.12987237 0.31963371]
D7HT | [0.02774442 0.29161426 0.02860712 0.65203421]
D7HJ | [0.18871646 0.40407336 0.1961457  0.21106448]
D7HQ | [0.07077682 0.28378203 0.12794741 0.51749374]
D7HK | [0.  0.3 0.1 0.6]
D7HA | [0.15370798 0.28102075 0.32856359 0.23670768]
D7S2 | [0.14080246 0.06616077 0.06691961 0.72611715]
D7S3 | [0.25 0.25 0.25 0.25]
D7S4 | [0.14080135 0.06616331 0.06691835 0.726117  ]
D7S5 | [0.14080147 0.06616303 0.06691848 0.72611702]
D7S6 | [0.14080173 0.06616244 0.06691878 0.72611705]
D7S7 | [0.06867591 0.37188573 0.31902317 0.24041519]
D7S8 | [0.19907289 0.09529244 0.11405666 0.59157801]
D7S9 | [0.30315053 0.2473434  0.12987237 0.31963371]
D7ST | [0.02774442 0.29161426 0.02860712 0.65203421]
D7SJ | [0.18871646 0.40407336 0.1961457  0.21106448]
D7SQ | [0.07077682 0.28378203 0.12794741 0.51749374]
D7SK | [0.25 0.25 0.25 0.25]
D7SA | [0.15370798 0.28102075 0.32856359 0.23670768]
D8D9 | [0.3033964  0.24744291 0.12953572 0.31962497]
D8DT | [0.02804435 0.29223558 0.0266207  0.65309936]
D8DJ | [0.1905271  0.40429041 0.19427494 0.21090755]
D8DQ | [0.06672607 0.28933558 0.12949838 0.51443997]
D8DK | [0.  0.3 0.1 0.6]
D8DA | [0.1209124  0.42434805 0.24796685 0.2067727 ]
D8H2 | [0.19866906 0.09459257 0.11401108 0.59272729]
D8H3 | [0.25738724 0.2257705  0.29434477 0.2224975 ]
D8H4 | [0.19870467 0.09585314 0.11357923 0.59186297]
D8H5 | [0.19870097 0.0958591  0.11357933 0.5918606 ]
D8H6 | [0.19869301 0.09587214 0.11357963 0.59185522]
D8H7 | [0.19907289 0.09529244 0.11405666 0.59157801]
D8H8 | [0.06530688 0.38175133 0.27827012 0.27467167]
D8H9 | [0.3033964  0.24744291 0.12953572 0.31962497]
D8HT | [0.02804435 0.29223558 0.0266207  0.65309936]
D8HJ | [0.1905271  0.40429041 0.19427494 0.21090755]
D8HQ | [0.06672607 0.28933558 0.12949838 0.51443997]
D8HK | [0.  0.3 0.1 0.6]
D8HA | [0.1209124  0.42434805 0.24796685 0.2067727 ]
D8S2 | [0.19866906 0.09459257 0.11401108 0.59272729]
D8S3 | [0.25 0.25 0.25 0.25]
D8S4 | [0.19870467 0.09585314 0.11357923 0.59186297]
D8S5 | [0.19870097 0.0958591  0.11357933 0.5918606 ]
D8S6 | [0.19869301 0.09587214 0.11357963 0.59185522]
D8S7 | [0.19907289 0.09529244 0.11405666 0.59157801]
D8S8 | [0.06530688 0.38175133 0.27827012 0.27467167]
D8S9 | [0.3033964  0.24744291 0.12953572 0.31962497]
D8ST | [0.02804435 0.29223558 0.0266207  0.65309936]
D8SJ | [0.1905271  0.40429041 0.19427494 0.21090755]
D8SQ | [0.06672607 0.28933558 0.12949838 0.51443997]
D8SK | [0.25 0.25 0.25 0.25]
D8SA | [0.1209124  0.42434805 0.24796685 0.2067727 ]
D9DT | [0.02897859 0.28443676 0.03607714 0.65050751]
D9DJ | [0.         0.45567711 0.2        0.34432289]
D9DQ | [0.07217752 0.28796315 0.13275143 0.5071079 ]
D9DK | [0.  0.3 0.1 0.6]
D9DA | [0.15638801 0.27950511 0.32639378 0.23771311]
D9H2 | [0.30285339 0.2458884  0.12973918 0.32151903]
D9H3 | [0.25756433 0.22165791 0.29904932 0.22172844]
D9H4 | [0.30345677 0.24699029 0.12989848 0.31965446]
D9H5 | [0.30346426 0.24698107 0.12990285 0.31965182]
D9H6 | [0.30313432 0.24750814 0.12973006 0.31962748]
D9H7 | [0.30315053 0.2473434  0.12987237 0.31963371]
D9H8 | [0.3033964  0.24744291 0.12953572 0.31962497]
D9H9 | [0.06156234 0.38184454 0.28732874 0.26926439]
D9HT | [0.02897859 0.28443676 0.03607714 0.65050751]
D9HJ | [0.         0.45567711 0.2        0.34432289]
D9HQ | [0.07217752 0.28796315 0.13275143 0.5071079 ]
D9HK | [0.  0.3 0.1 0.6]
D9HA | [0.15638801 0.27950511 0.32639378 0.23771311]
D9S2 | [0.30285339 0.2458884  0.12973918 0.32151903]
D9S3 | [0.25 0.25 0.25 0.25]
D9S4 | [0.30345677 0.24699029 0.12989848 0.31965446]
D9S5 | [0.30346426 0.24698107 0.12990285 0.31965182]
D9S6 | [0.30313432 0.24750814 0.12973006 0.31962748]
D9S7 | [0.30315053 0.2473434  0.12987237 0.31963371]
D9S8 | [0.3033964  0.24744291 0.12953572 0.31962497]
D9S9 | [0.06156234 0.38184454 0.28732874 0.26926439]
D9ST | [0.02897859 0.28443676 0.03607714 0.65050751]
D9SJ | [0.         0.45567711 0.2        0.34432289]
D9SQ | [0.07217752 0.28796315 0.13275143 0.5071079 ]
D9SK | [0.25 0.25 0.25 0.25]
D9SA | [0.15638801 0.27950511 0.32639378 0.23771311]
DTDJ | [0.02161145 0.24607958 0.06412531 0.66818365]
DTDQ | [0.05132881 0.21063025 0.06316129 0.67487965]
DTDK | [0.  0.5 0.3 0.2]
DTDA | [0.04746732 0.21991686 0.06303536 0.66958046]
DTH2 | [0.02777665 0.29087498 0.02791352 0.65343486]
DTH3 | [0.03894504 0.29200966 0.24020484 0.42884046]
DTH4 | [0.02786553 0.29095564 0.02806554 0.65311329]
DTH5 | [0.02786603 0.29100502 0.02801749 0.65311146]
DTH6 | [0.02786655 0.29120956 0.0278143  0.65310959]
DTH7 | [0.02774442 0.29161426 0.02860712 0.65203421]
DTH8 | [0.02804435 0.29223558 0.0266207  0.65309936]
DTH9 | [0.02897859 0.28443676 0.03607714 0.65050751]
DTHT | [0.         0.62874363 0.12741076 0.24384561]
DTHJ | [0.02161145 0.24607958 0.06412531 0.66818365]
DTHQ | [0.05132881 0.21063025 0.06316129 0.67487965]
DTHK | [0.  0.5 0.3 0.2]
DTHA | [0.04746732 0.21991686 0.06303536 0.66958046]
DTS2 | [0.02777665 0.29087498 0.02791352 0.65343486]
DTS3 | [0.25 0.25 0.25 0.25]
DTS4 | [0.02786553 0.29095564 0.02806554 0.65311329]
DTS5 | [0.02786603 0.29100502 0.02801749 0.65311146]
DTS6 | [0.02786655 0.29120956 0.0278143  0.65310959]
DTS7 | [0.02774442 0.29161426 0.02860712 0.65203421]
DTS8 | [0.02804435 0.29223558 0.0266207  0.65309936]
DTS9 | [0.02897859 0.28443676 0.03607714 0.65050751]
DTST | [0.         0.62874363 0.12741076 0.24384561]
DTSJ | [0.02161145 0.24607958 0.06412531 0.66818365]
DTSQ | [0.05132881 0.21063025 0.06316129 0.67487965]
DTSK | [0.25 0.25 0.25 0.25]
DTSA | [0.04746732 0.21991686 0.06303536 0.66958046]
DJDQ | [0.05267664 0.2699781  0.15945453 0.51789073]
DJDK | [0.  0.5 0.1 0.4]
DJDA | [0.         0.45959862 0.2        0.34040138]
DJH2 | [0.18745826 0.40540145 0.19617712 0.21096317]
DJH3 | [0.12448103 0.2972884  0.33589612 0.24233444]
DJH4 | [0.18814909 0.40478688 0.19609983 0.21096421]
DJH5 | [0.18816166 0.40476397 0.19610291 0.21097146]
DJH6 | [0.18852424 0.40417222 0.19632189 0.21098165]
DJH7 | [0.18871646 0.40407336 0.1961457  0.21106448]
DJH8 | [0.1905271  0.40429041 0.19427494 0.21090755]
DJH9 | [0.         0.45567711 0.2        0.34432289]
DJHT | [0.02161145 0.24607958 0.06412531 0.66818365]
DJHJ | [0.0455638  0.21379276 0.06780001 0.67284343]
DJHQ | [0.05267664 0.2699781  0.15945453 0.51789073]
DJHK | [0.  0.5 0.1 0.4]
DJHA | [0.         0.45959862 0.2        0.34040138]
DJS2 | [0.18745826 0.40540145 0.19617712 0.21096317]
DJS3 | [0.25 0.25 0.25 0.25]
DJS4 | [0.18814909 0.40478688 0.19609983 0.21096421]
DJS5 | [0.18816166 0.40476397 0.19610291 0.21097146]
DJS6 | [0.18852424 0.40417222 0.19632189 0.21098165]
DJS7 | [0.18871646 0.40407336 0.1961457  0.21106448]
DJS8 | [0.1905271  0.40429041 0.19427494 0.21090755]
DJS9 | [0.         0.45567711 0.2        0.34432289]
DJST | [0.02161145 0.24607958 0.06412531 0.66818365]
DJSJ | [0.0455638  0.21379276 0.06780001 0.67284343]
DJSQ | [0.05267664 0.2699781  0.15945453 0.51789073]
DJSK | [0.25 0.25 0.25 0.25]
DJSA | [0.         0.45959862 0.2        0.34040138]
DQDK | [0.  0.5 0.3 0.2]
DQDA | [0.04100531 0.2731712  0.1492547  0.53656879]
DQH2 | [0.07158114 0.26905163 0.13150212 0.52786511]
DQH3 | [0.04518847 0.21952355 0.06174075 0.67354724]
DQH4 | [0.07243909 0.26501069 0.13125345 0.53129677]
DQH5 | [0.07242123 0.26501    0.13125316 0.5313156 ]
DQH6 | [0.07226221 0.26547329 0.13085429 0.53141022]
DQH7 | [0.07077682 0.28378203 0.12794741 0.51749374]
DQH8 | [0.06672607 0.28933558 0.12949838 0.51443997]
DQH9 | [0.07217752 0.28796315 0.13275143 0.5071079 ]
DQHT | [0.05132881 0.21063025 0.06316129 0.67487965]
DQHJ | [0.05267664 0.2699781  0.15945453 0.51789073]
DQHQ | [0.         0.39390581 0.27209931 0.33399488]
DQHK | [0.  0.5 0.3 0.2]
DQHA | [0.04100531 0.2731712  0.1492547  0.53656879]
DQS2 | [0.07158114 0.26905163 0.13150212 0.52786511]
DQS3 | [0.25 0.25 0.25 0.25]
DQS4 | [0.07243909 0.26501069 0.13125345 0.53129677]
DQS5 | [0.07242123 0.26501    0.13125316 0.5313156 ]
DQS6 | [0.07226221 0.26547329 0.13085429 0.53141022]
DQS7 | [0.07077682 0.28378203 0.12794741 0.51749374]
DQS8 | [0.06672607 0.28933558 0.12949838 0.51443997]
DQS9 | [0.07217752 0.28796315 0.13275143 0.5071079 ]
DQST | [0.05132881 0.21063025 0.06316129 0.67487965]
DQSJ | [0.05267664 0.2699781  0.15945453 0.51789073]
DQSQ | [0.         0.39390581 0.27209931 0.33399488]
DQSK | [0.25 0.25 0.25 0.25]
DQSA | [0.04100531 0.2731712  0.1492547  0.53656879]
DKDA | [0.  0.5 0.1 0.4]
DKH2 | [0.  0.3 0.1 0.6]
DKH3 | [0.         0.56516468 0.2        0.23483532]
DKH4 | [0.  0.3 0.1 0.6]
DKH5 | [0.  0.3 0.1 0.6]
DKH6 | [0.  0.3 0.1 0.6]
DKH7 | [0.  0.3 0.1 0.6]
DKH8 | [0.  0.3 0.1 0.6]
DKH9 | [0.  0.3 0.1 0.6]
DKHT | [0.  0.5 0.3 0.2]
DKHJ | [0.  0.5 0.1 0.4]
DKHQ | [0.  0.5 0.3 0.2]
DKHK | [0.         0.38364223 0.3        0.31635777]
DKHA | [0.  0.5 0.1 0.4]
DKS2 | [0.  0.3 0.1 0.6]
DKS3 | [0.25 0.25 0.25 0.25]
DKS4 | [0.  0.3 0.1 0.6]
DKS5 | [0.  0.3 0.1 0.6]
DKS6 | [0.  0.3 0.1 0.6]
DKS7 | [0.  0.3 0.1 0.6]
DKS8 | [0.  0.3 0.1 0.6]
DKS9 | [0.  0.3 0.1 0.6]
DKST | [0.  0.5 0.3 0.2]
DKSJ | [0.  0.5 0.1 0.4]
DKSQ | [0.  0.5 0.3 0.2]
DKSK | [0.25 0.25 0.25 0.25]
DKSA | [0.  0.5 0.1 0.4]
DAH2 | [0.15300834 0.28142421 0.32897282 0.23659463]
DAH3 | [0.10368635 0.31853478 0.33036183 0.24741704]
DAH4 | [0.15316167 0.28147515 0.32869937 0.23666381]
DAH5 | [0.15317903 0.28144615 0.32870269 0.23667213]
DAH6 | [0.15372636 0.28132941 0.32827016 0.23667407]
DAH7 | [0.15370798 0.28102075 0.32856359 0.23670768]
DAH8 | [0.1209124  0.42434805 0.24796685 0.2067727 ]
DAH9 | [0.15638801 0.27950511 0.32639378 0.23771311]
DAHT | [0.04746732 0.21991686 0.06303536 0.66958046]
DAHJ | [0.         0.45959862 0.2        0.34040138]
DAHQ | [0.04100531 0.2731712  0.1492547  0.53656879]
DAHK | [0.  0.5 0.1 0.4]
DAHA | [0.01770355 0.28216986 0.15108488 0.54904171]
DAS2 | [0.15300834 0.28142421 0.32897282 0.23659463]
DAS3 | [0.25 0.25 0.25 0.25]
DAS4 | [0.15316167 0.28147515 0.32869937 0.23666381]
DAS5 | [0.15317903 0.28144615 0.32870269 0.23667213]
DAS6 | [0.15372636 0.28132941 0.32827016 0.23667407]
DAS7 | [0.15370798 0.28102075 0.32856359 0.23670768]
DAS8 | [0.1209124  0.42434805 0.24796685 0.2067727 ]
DAS9 | [0.15638801 0.27950511 0.32639378 0.23771311]
DAST | [0.04746732 0.21991686 0.06303536 0.66958046]
DASJ | [0.         0.45959862 0.2        0.34040138]
DASQ | [0.04100531 0.2731712  0.1492547  0.53656879]
DASK | [0.25 0.25 0.25 0.25]
DASA | [0.01770355 0.28216986 0.15108488 0.54904171]
H2H3 | [0.25815046 0.2225099  0.29685532 0.22248431]
H2H4 | [0.02147334 0.         0.         0.97852666]
H2H5 | [0.01205465 0.         0.         0.98794535]
H2H6 | [0.07028986 0.03333333 0.03333333 0.86304348]
H2H7 | [0.14080246 0.06616077 0.06691961 0.72611715]
H2H8 | [0.19866906 0.09459257 0.11401108 0.59272729]
H2H9 | [0.30285339 0.2458884  0.12973918 0.32151903]
H2HT | [0.02777665 0.29087498 0.02791352 0.65343486]
H2HJ | [0.18745826 0.40540145 0.19617712 0.21096317]
H2HQ | [0.07158114 0.26905163 0.13150212 0.52786511]
H2HK | [0.  0.3 0.1 0.6]
H2HA | [0.15300834 0.28142421 0.32897282 0.23659463]
H2S2 | [0.1261175  0.34014575 0.33585117 0.19788558]
H2S3 | [0.25 0.25 0.25 0.25]
H2S4 | [0.02147334 0.         0.         0.97852666]
H2S5 | [0.01205465 0.         0.         0.98794535]
H2S6 | [0.07028986 0.03333333 0.03333333 0.86304348]
H2S7 | [0.14080246 0.06616077 0.06691961 0.72611715]
H2S8 | [0.19866906 0.09459257 0.11401108 0.59272729]
H2S9 | [0.30285339 0.2458884  0.12973918 0.32151903]
H2ST | [0.02777665 0.29087498 0.02791352 0.65343486]
H2SJ | [0.18745826 0.40540145 0.19617712 0.21096317]
H2SQ | [0.07158114 0.26905163 0.13150212 0.52786511]
H2SK | [0.25 0.25 0.25 0.25]
H2SA | [0.15300834 0.28142421 0.32897282 0.23659463]
H3H4 | [0.2569147  0.22458835 0.29600241 0.22249454]
H3H5 | [0.25695314 0.22454843 0.29600393 0.2224945 ]
H3H6 | [0.25703416 0.22467649 0.29619991 0.22208943]
H3H7 | [0.25766799 0.22533274 0.29564712 0.22135215]
H3H8 | [0.25738724 0.2257705  0.29434477 0.2224975 ]
H3H9 | [0.25756433 0.22165791 0.29904932 0.22172844]
H3HT | [0.03894504 0.29200966 0.24020484 0.42884046]
H3HJ | [0.12448103 0.2972884  0.33589612 0.24233444]
H3HQ | [0.04518847 0.21952355 0.06174075 0.67354724]
H3HK | [0.         0.56516468 0.2        0.23483532]
H3HA | [0.10368635 0.31853478 0.33036183 0.24741704]
H3S2 | [0.25815046 0.2225099  0.29685532 0.22248431]
H3S3 | [0.25 0.25 0.25 0.25]
H3S4 | [0.2569147  0.22458835 0.29600241 0.22249454]
H3S5 | [0.25695314 0.22454843 0.29600393 0.2224945 ]
H3S6 | [0.25703416 0.22467649 0.29619991 0.22208943]
H3S7 | [0.25766799 0.22533274 0.29564712 0.22135215]
H3S8 | [0.25738724 0.2257705  0.29434477 0.2224975 ]
H3S9 | [0.25756433 0.22165791 0.29904932 0.22172844]
H3ST | [0.03894504 0.29200966 0.24020484 0.42884046]
H3SJ | [0.12448103 0.2972884  0.33589612 0.24233444]
H3SQ | [0.04518847 0.21952355 0.06174075 0.67354724]
H3SK | [0.25 0.25 0.25 0.25]
H3SA | [0.10368635 0.31853478 0.33036183 0.24741704]
H4H5 | [0.01205465 0.         0.         0.98794535]
H4H6 | [0.07028986 0.03333333 0.03333333 0.86304348]
H4H7 | [0.14080135 0.06616331 0.06691835 0.726117  ]
H4H8 | [0.19870467 0.09585314 0.11357923 0.59186297]
H4H9 | [0.30345677 0.24699029 0.12989848 0.31965446]
H4HT | [0.02786553 0.29095564 0.02806554 0.65311329]
H4HJ | [0.18814909 0.40478688 0.19609983 0.21096421]
H4HQ | [0.07243909 0.26501069 0.13125345 0.53129677]
H4HK | [0.  0.3 0.1 0.6]
H4HA | [0.15316167 0.28147515 0.32869937 0.23666381]
H4S2 | [0.02147334 0.         0.         0.97852666]
H4S3 | [0.25 0.25 0.25 0.25]
H4S4 | [0.09588363 0.32513095 0.32476316 0.25422226]
H4S5 | [0.01205465 0.         0.         0.98794535]
H4S6 | [0.07028986 0.03333333 0.03333333 0.86304348]
H4S7 | [0.14080135 0.06616331 0.06691835 0.726117  ]
H4S8 | [0.19870467 0.09585314 0.11357923 0.59186297]
H4S9 | [0.30345677 0.24699029 0.12989848 0.31965446]
H4ST | [0.02786553 0.29095564 0.02806554 0.65311329]
H4SJ | [0.18814909 0.40478688 0.19609983 0.21096421]
H4SQ | [0.07243909 0.26501069 0.13125345 0.53129677]
H4SK | [0.25 0.25 0.25 0.25]
H4SA | [0.15316167 0.28147515 0.32869937 0.23666381]
H5H6 | [0.07028986 0.03333333 0.03333333 0.86304348]
H5H7 | [0.14080147 0.06616303 0.06691848 0.72611702]
H5H8 | [0.19870097 0.0958591  0.11357933 0.5918606 ]
H5H9 | [0.30346426 0.24698107 0.12990285 0.31965182]
H5HT | [0.02786603 0.29100502 0.02801749 0.65311146]
H5HJ | [0.18816166 0.40476397 0.19610291 0.21097146]
H5HQ | [0.07242123 0.26501    0.13125316 0.5313156 ]
H5HK | [0.  0.3 0.1 0.6]
H5HA | [0.15317903 0.28144615 0.32870269 0.23667213]
H5S2 | [0.01205465 0.         0.         0.98794535]
H5S3 | [0.25 0.25 0.25 0.25]
H5S4 | [0.01205465 0.         0.         0.98794535]
H5S5 | [0.08907076 0.33373456 0.32326802 0.25392666]
H5S6 | [0.07028986 0.03333333 0.03333333 0.86304348]
H5S7 | [0.14080147 0.06616303 0.06691848 0.72611702]
H5S8 | [0.19870097 0.0958591  0.11357933 0.5918606 ]
H5S9 | [0.30346426 0.24698107 0.12990285 0.31965182]
H5ST | [0.02786603 0.29100502 0.02801749 0.65311146]
H5SJ | [0.18816166 0.40476397 0.19610291 0.21097146]
H5SQ | [0.07242123 0.26501    0.13125316 0.5313156 ]
H5SK | [0.25 0.25 0.25 0.25]
H5SA | [0.15317903 0.28144615 0.32870269 0.23667213]
H6H7 | [0.14080173 0.06616244 0.06691878 0.72611705]
H6H8 | [0.19869301 0.09587214 0.11357963 0.59185522]
H6H9 | [0.30313432 0.24750814 0.12973006 0.31962748]
H6HT | [0.02786655 0.29120956 0.0278143  0.65310959]
H6HJ | [0.18852424 0.40417222 0.19632189 0.21098165]
H6HQ | [0.07226221 0.26547329 0.13085429 0.53141022]
H6HK | [0.  0.3 0.1 0.6]
H6HA | [0.15372636 0.28132941 0.32827016 0.23667407]
H6S2 | [0.07028986 0.03333333 0.03333333 0.86304348]
H6S3 | [0.25 0.25 0.25 0.25]
H6S4 | [0.07028986 0.03333333 0.03333333 0.86304348]
H6S5 | [0.07028986 0.03333333 0.03333333 0.86304348]
H6S6 | [0.08134608 0.34507738 0.32146293 0.25211361]
H6S7 | [0.14080173 0.06616244 0.06691878 0.72611705]
H6S8 | [0.19869301 0.09587214 0.11357963 0.59185522]
H6S9 | [0.30313432 0.24750814 0.12973006 0.31962748]
H6ST | [0.02786655 0.29120956 0.0278143  0.65310959]
H6SJ | [0.18852424 0.40417222 0.19632189 0.21098165]
H6SQ | [0.07226221 0.26547329 0.13085429 0.53141022]
H6SK | [0.25 0.25 0.25 0.25]
H6SA | [0.15372636 0.28132941 0.32827016 0.23667407]
H7H8 | [0.19907289 0.09529244 0.11405666 0.59157801]
H7H9 | [0.30315053 0.2473434  0.12987237 0.31963371]
H7HT | [0.02774442 0.29161426 0.02860712 0.65203421]
H7HJ | [0.18871646 0.40407336 0.1961457  0.21106448]
H7HQ | [0.07077682 0.28378203 0.12794741 0.51749374]
H7HK | [0.  0.3 0.1 0.6]
H7HA | [0.15370798 0.28102075 0.32856359 0.23670768]
H7S2 | [0.14080246 0.06616077 0.06691961 0.72611715]
H7S3 | [0.25 0.25 0.25 0.25]
H7S4 | [0.14080135 0.06616331 0.06691835 0.726117  ]
H7S5 | [0.14080147 0.06616303 0.06691848 0.72611702]
H7S6 | [0.14080173 0.06616244 0.06691878 0.72611705]
H7S7 | [0.06867591 0.37188573 0.31902317 0.24041519]
H7S8 | [0.19907289 0.09529244 0.11405666 0.59157801]
H7S9 | [0.30315053 0.2473434  0.12987237 0.31963371]
H7ST | [0.02774442 0.29161426 0.02860712 0.65203421]
H7SJ | [0.18871646 0.40407336 0.1961457  0.21106448]
H7SQ | [0.07077682 0.28378203 0.12794741 0.51749374]
H7SK | [0.25 0.25 0.25 0.25]
H7SA | [0.15370798 0.28102075 0.32856359 0.23670768]
H8H9 | [0.3033964  0.24744291 0.12953572 0.31962497]
H8HT | [0.02804435 0.29223558 0.0266207  0.65309936]
H8HJ | [0.1905271  0.40429041 0.19427494 0.21090755]
H8HQ | [0.06672607 0.28933558 0.12949838 0.51443997]
H8HK | [0.  0.3 0.1 0.6]
H8HA | [0.1209124  0.42434805 0.24796685 0.2067727 ]
H8S2 | [0.19866906 0.09459257 0.11401108 0.59272729]
H8S3 | [0.25 0.25 0.25 0.25]
H8S4 | [0.19870467 0.09585314 0.11357923 0.59186297]
H8S5 | [0.19870097 0.0958591  0.11357933 0.5918606 ]
H8S6 | [0.19869301 0.09587214 0.11357963 0.59185522]
H8S7 | [0.19907289 0.09529244 0.11405666 0.59157801]
H8S8 | [0.06530688 0.38175133 0.27827012 0.27467167]
H8S9 | [0.3033964  0.24744291 0.12953572 0.31962497]
H8ST | [0.02804435 0.29223558 0.0266207  0.65309936]
H8SJ | [0.1905271  0.40429041 0.19427494 0.21090755]
H8SQ | [0.06672607 0.28933558 0.12949838 0.51443997]
H8SK | [0.25 0.25 0.25 0.25]
H8SA | [0.1209124  0.42434805 0.24796685 0.2067727 ]
H9HT | [0.02897859 0.28443676 0.03607714 0.65050751]
H9HJ | [0.         0.45567711 0.2        0.34432289]
H9HQ | [0.07217752 0.28796315 0.13275143 0.5071079 ]
H9HK | [0.  0.3 0.1 0.6]
H9HA | [0.15638801 0.27950511 0.32639378 0.23771311]
H9S2 | [0.30285339 0.2458884  0.12973918 0.32151903]
H9S3 | [0.25 0.25 0.25 0.25]
H9S4 | [0.30345677 0.24699029 0.12989848 0.31965446]
H9S5 | [0.30346426 0.24698107 0.12990285 0.31965182]
H9S6 | [0.30313432 0.24750814 0.12973006 0.31962748]
H9S7 | [0.30315053 0.2473434  0.12987237 0.31963371]
H9S8 | [0.3033964  0.24744291 0.12953572 0.31962497]
H9S9 | [0.06156234 0.38184454 0.28732874 0.26926439]
H9ST | [0.02897859 0.28443676 0.03607714 0.65050751]
H9SJ | [0.         0.45567711 0.2        0.34432289]
H9SQ | [0.07217752 0.28796315 0.13275143 0.5071079 ]
H9SK | [0.25 0.25 0.25 0.25]
H9SA | [0.15638801 0.27950511 0.32639378 0.23771311]
HTHJ | [0.02161145 0.24607958 0.06412531 0.66818365]
HTHQ | [0.05132881 0.21063025 0.06316129 0.67487965]
HTHK | [0.  0.5 0.3 0.2]
HTHA | [0.04746732 0.21991686 0.06303536 0.66958046]
HTS2 | [0.02777665 0.29087498 0.02791352 0.65343486]
HTS3 | [0.25 0.25 0.25 0.25]
HTS4 | [0.02786553 0.29095564 0.02806554 0.65311329]
HTS5 | [0.02786603 0.29100502 0.02801749 0.65311146]
HTS6 | [0.02786655 0.29120956 0.0278143  0.65310959]
HTS7 | [0.02774442 0.29161426 0.02860712 0.65203421]
HTS8 | [0.02804435 0.29223558 0.0266207  0.65309936]
HTS9 | [0.02897859 0.28443676 0.03607714 0.65050751]
HTST | [0.         0.62874363 0.12741076 0.24384561]
HTSJ | [0.02161145 0.24607958 0.06412531 0.66818365]
HTSQ | [0.05132881 0.21063025 0.06316129 0.67487965]
HTSK | [0.25 0.25 0.25 0.25]
HTSA | [0.04746732 0.21991686 0.06303536 0.66958046]
HJHQ | [0.05267664 0.2699781  0.15945453 0.51789073]
HJHK | [0.  0.5 0.1 0.4]
HJHA | [0.         0.45959862 0.2        0.34040138]
HJS2 | [0.18745826 0.40540145 0.19617712 0.21096317]
HJS3 | [0.25 0.25 0.25 0.25]
HJS4 | [0.18814909 0.40478688 0.19609983 0.21096421]
HJS5 | [0.18816166 0.40476397 0.19610291 0.21097146]
HJS6 | [0.18852424 0.40417222 0.19632189 0.21098165]
HJS7 | [0.18871646 0.40407336 0.1961457  0.21106448]
HJS8 | [0.1905271  0.40429041 0.19427494 0.21090755]
HJS9 | [0.         0.45567711 0.2        0.34432289]
HJST | [0.02161145 0.24607958 0.06412531 0.66818365]
HJSJ | [0.0455638  0.21379276 0.06780001 0.67284343]
HJSQ | [0.05267664 0.2699781  0.15945453 0.51789073]
HJSK | [0.25 0.25 0.25 0.25]
HJSA | [0.         0.45959862 0.2        0.34040138]
HQHK | [0.  0.5 0.3 0.2]
HQHA | [0.04100531 0.2731712  0.1492547  0.53656879]
HQS2 | [0.07158114 0.26905163 0.13150212 0.52786511]
HQS3 | [0.25 0.25 0.25 0.25]
HQS4 | [0.07243909 0.26501069 0.13125345 0.53129677]
HQS5 | [0.07242123 0.26501    0.13125316 0.5313156 ]
HQS6 | [0.07226221 0.26547329 0.13085429 0.53141022]
HQS7 | [0.07077682 0.28378203 0.12794741 0.51749374]
HQS8 | [0.06672607 0.28933558 0.12949838 0.51443997]
HQS9 | [0.07217752 0.28796315 0.13275143 0.5071079 ]
HQST | [0.05132881 0.21063025 0.06316129 0.67487965]
HQSJ | [0.05267664 0.2699781  0.15945453 0.51789073]
HQSQ | [0.         0.39390581 0.27209931 0.33399488]
HQSK | [0.25 0.25 0.25 0.25]
HQSA | [0.04100531 0.2731712  0.1492547  0.53656879]
HKHA | [0.  0.5 0.1 0.4]
HKS2 | [0.  0.3 0.1 0.6]
HKS3 | [0.25 0.25 0.25 0.25]
HKS4 | [0.  0.3 0.1 0.6]
HKS5 | [0.  0.3 0.1 0.6]
HKS6 | [0.  0.3 0.1 0.6]
HKS7 | [0.  0.3 0.1 0.6]
HKS8 | [0.  0.3 0.1 0.6]
HKS9 | [0.  0.3 0.1 0.6]
HKST | [0.  0.5 0.3 0.2]
HKSJ | [0.  0.5 0.1 0.4]
HKSQ | [0.  0.5 0.3 0.2]
HKSK | [0.25 0.25 0.25 0.25]
HKSA | [0.  0.5 0.1 0.4]
HAS2 | [0.15300834 0.28142421 0.32897282 0.23659463]
HAS3 | [0.25 0.25 0.25 0.25]
HAS4 | [0.15316167 0.28147515 0.32869937 0.23666381]
HAS5 | [0.15317903 0.28144615 0.32870269 0.23667213]
HAS6 | [0.15372636 0.28132941 0.32827016 0.23667407]
HAS7 | [0.15370798 0.28102075 0.32856359 0.23670768]
HAS8 | [0.1209124  0.42434805 0.24796685 0.2067727 ]
HAS9 | [0.15638801 0.27950511 0.32639378 0.23771311]
HAST | [0.04746732 0.21991686 0.06303536 0.66958046]
HASJ | [0.         0.45959862 0.2        0.34040138]
HASQ | [0.04100531 0.2731712  0.1492547  0.53656879]
HASK | [0.25 0.25 0.25 0.25]
HASA | [0.01770355 0.28216986 0.15108488 0.54904171]
S2S3 | [0.25 0.25 0.25 0.25]
S2S4 | [0.02147334 0.         0.         0.97852666]
S2S5 | [0.01205465 0.         0.         0.98794535]
S2S6 | [0.07028986 0.03333333 0.03333333 0.86304348]
S2S7 | [0.14080246 0.06616077 0.06691961 0.72611715]
S2S8 | [0.19866906 0.09459257 0.11401108 0.59272729]
S2S9 | [0.30285339 0.2458884  0.12973918 0.32151903]
S2ST | [0.02777665 0.29087498 0.02791352 0.65343486]
S2SJ | [0.18745826 0.40540145 0.19617712 0.21096317]
S2SQ | [0.07158114 0.26905163 0.13150212 0.52786511]
S2SK | [0.25 0.25 0.25 0.25]
S2SA | [0.15300834 0.28142421 0.32897282 0.23659463]
S3S4 | [0.25 0.25 0.25 0.25]
S3S5 | [0.25 0.25 0.25 0.25]
S3S6 | [0.25 0.25 0.25 0.25]
S3S7 | [0.25 0.25 0.25 0.25]
S3S8 | [0.25 0.25 0.25 0.25]
S3S9 | [0.25 0.25 0.25 0.25]
S3ST | [0.25 0.25 0.25 0.25]
S3SJ | [0.25 0.25 0.25 0.25]
S3SQ | [0.25 0.25 0.25 0.25]
S3SK | [0.25 0.25 0.25 0.25]
S3SA | [0.25 0.25 0.25 0.25]
S4S5 | [0.01205465 0.         0.         0.98794535]
S4S6 | [0.07028986 0.03333333 0.03333333 0.86304348]
S4S7 | [0.14080135 0.06616331 0.06691835 0.726117  ]
S4S8 | [0.19870467 0.09585314 0.11357923 0.59186297]
S4S9 | [0.30345677 0.24699029 0.12989848 0.31965446]
S4ST | [0.02786553 0.29095564 0.02806554 0.65311329]
S4SJ | [0.18814909 0.40478688 0.19609983 0.21096421]
S4SQ | [0.07243909 0.26501069 0.13125345 0.53129677]
S4SK | [0.25 0.25 0.25 0.25]
S4SA | [0.15316167 0.28147515 0.32869937 0.23666381]
S5S6 | [0.07028986 0.03333333 0.03333333 0.86304348]
S5S7 | [0.14080147 0.06616303 0.06691848 0.72611702]
S5S8 | [0.19870097 0.0958591  0.11357933 0.5918606 ]
S5S9 | [0.30346426 0.24698107 0.12990285 0.31965182]
S5ST | [0.02786603 0.29100502 0.02801749 0.65311146]
S5SJ | [0.18816166 0.40476397 0.19610291 0.21097146]
S5SQ | [0.07242123 0.26501    0.13125316 0.5313156 ]
S5SK | [0.25 0.25 0.25 0.25]
S5SA | [0.15317903 0.28144615 0.32870269 0.23667213]
S6S7 | [0.14080173 0.06616244 0.06691878 0.72611705]
S6S8 | [0.19869301 0.09587214 0.11357963 0.59185522]
S6S9 | [0.30313432 0.24750814 0.12973006 0.31962748]
S6ST | [0.02786655 0.29120956 0.0278143  0.65310959]
S6SJ | [0.18852424 0.40417222 0.19632189 0.21098165]
S6SQ | [0.07226221 0.26547329 0.13085429 0.53141022]
S6SK | [0.25 0.25 0.25 0.25]
S6SA | [0.15372636 0.28132941 0.32827016 0.23667407]
S7S8 | [0.19907289 0.09529244 0.11405666 0.59157801]
S7S9 | [0.30315053 0.2473434  0.12987237 0.31963371]
S7ST | [0.02774442 0.29161426 0.02860712 0.65203421]
S7SJ | [0.18871646 0.40407336 0.1961457  0.21106448]
S7SQ | [0.07077682 0.28378203 0.12794741 0.51749374]
S7SK | [0.25 0.25 0.25 0.25]
S7SA | [0.15370798 0.28102075 0.32856359 0.23670768]
S8S9 | [0.3033964  0.24744291 0.12953572 0.31962497]
S8ST | [0.02804435 0.29223558 0.0266207  0.65309936]
S8SJ | [0.1905271  0.40429041 0.19427494 0.21090755]
S8SQ | [0.06672607 0.28933558 0.12949838 0.51443997]
S8SK | [0.25 0.25 0.25 0.25]
S8SA | [0.1209124  0.42434805 0.24796685 0.2067727 ]
S9ST | [0.02897859 0.28443676 0.03607714 0.65050751]
S9SJ | [0.         0.45567711 0.2        0.34432289]
S9SQ | [0.07217752 0.28796315 0.13275143 0.5071079 ]
S9SK | [0.25 0.25 0.25 0.25]
S9SA | [0.15638801 0.27950511 0.32639378 0.23771311]
STSJ | [0.02161145 0.24607958 0.06412531 0.66818365]
STSQ | [0.05132881 0.21063025 0.06316129 0.67487965]
STSK | [0.25 0.25 0.25 0.25]
STSA | [0.04746732 0.21991686 0.06303536 0.66958046]
SJSQ | [0.05267664 0.2699781  0.15945453 0.51789073]
SJSK | [0.25 0.25 0.25 0.25]
SJSA | [0.         0.45959862 0.2        0.34040138]
SQSK | [0.25 0.25 0.25 0.25]
SQSA | [0.04100531 0.2731712  0.1492547  0.53656879]
SKSA | [0.25 0.25 0.25 0.25]
